0,0,0,0,0,0,0,0,0,0,0,0,0,0,0,0,0,0,0,0
1,0,0,0,0,0,0,1,0,0,0,0,0,0,0,0,0,0,0,0
2,0,0,0,0,0,0,1,0,0,0,0,0,0,0,0,0,0,0,0
3,0,0,0,0,0,0,0,0,0,0,0,0,0,1,0,0,0,0,0
4,1,10,5,0,4,2,0,1,12,3,29,10,1,21,2,8,14,3,16
5,3,5,7,0,3,4,0,0,2,3,7,82,1,1,5,2,10,1,13
6,3,23,1,0,2,12,20,0,5,2,9,16,4,15,1,2,3,2,19
7,0,14,2,0,0,8,31,0,0,2,6,0,16,4,1,0,0,0,12
8,8,29,4,0,2,3,32,4,8,5,37,43,19,33,1,3,6,4,18
9,3,15,4,0,2,0,0,1,6,6,11,74,1,4,5,8,17,0,15
10,0,2,1,0,3,0,2,0,1,1,3,10,1,1,0,2,0,0,3
11,9,16,10,1,4,20,0,0,26,10,29,93,6,25,3,18,10,5,200
12,11,10,3,0,2,49,0,0,4,2,7,113,2,9,1,12,12,5,44
13,3,28,15,0,6,3,12,2,29,6,29,92,0,28,10,19,17,7,28
14,0,10,0,0,0,0,17,0,0,1,0,0,0,12,0,0,0,0,0
15,0,14,0,0,1,0,18,2,0,2,2,2,0,14,0,0,0,0,1
16,0,5,1,0,1,4,1,1,0,7,9,15,0,0,4,1,2,0,5
17,0,2,0,0,1,0,0,0,0,0,4,76,1,0,3,4,0,0,19
18,1,0,1,0,2,0,0,0,0,0,1,54,0,4,0,4,0,0,15
19,0,1,0,0,0,0,0,0,0,0,1,1,0,0,2,1,0,0,4
20,0,16,12,0,1,24,4,2,6,7,25,28,0,31,0,8,15,8,16
21,3,27,14,1,7,21,1,3,16,9,80,32,5,57,18,25,26,11,216
22,1,6,2,1,5,21,0,1,0,0,2,25,0,4,0,13,2,0,32
23,0,4,1,0,0,0,0,0,0,2,0,0,0,2,2,0,0,2,5
24,1,15,4,0,0,34,0,2,2,3,14,0,5,28,3,1,3,2,9
25,0,2,0,0,2,12,0,1,0,0,0,4,0,2,0,1,0,0,4
26,6,8,2,0,5,14,0,0,2,4,16,17,0,6,5,0,4,3,5
27,1,0,1,1,0,0,4,1,0,4,5,0,0,0,3,0,0,0,4
28,0,1,0,0,0,0,1,0,0,0,0,0,0,0,0,0,0,0,0
29,0,0,0,0,0,0,0,0,0,0,0,0,0,1,0,0,0,0,0
30,1,1,3,0,1,8,2,0,1,0,2,24,0,7,1,3,2,5,12
31,4,22,7,0,2,10,0,0,16,10,38,36,3,26,1,1,15,5,6
32,5,21,3,0,4,14,10,1,4,7,39,6,2,43,1,9,2,5,37
33,5,21,4,0,4,4,26,0,22,3,41,60,1,51,0,4,9,7,14
34,1,14,3,0,1,9,42,0,7,1,8,47,0,2,5,4,7,3,10
35,0,16,0,0,0,0,35,0,6,2,3,1,1,3,0,0,0,2,2
36,9,29,41,1,2,11,56,2,8,4,39,6,4,38,4,13,3,5,29
37,13,17,99,0,0,0,21,5,4,1,15,126,0,18,18,17,9,0,9
38,10,10,18,0,4,0,2,1,4,3,15,85,3,7,9,13,5,2,34
39,16,47,32,1,5,14,1,5,47,15,98,156,5,194,4,27,24,20,156
40,3,26,13,2,7,17,0,1,5,12,41,70,4,33,9,15,19,5,58
41,21,24,24,1,9,2,0,4,15,16,46,139,8,57,10,21,35,11,92
42,11,21,27,11,3,0,2,6,26,4,29,46,0,4,4,14,35,2,119
43,3,31,7,0,3,16,7,1,16,10,37,124,0,49,4,12,25,6,26
44,31,63,29,1,11,10,0,7,142,45,129,216,7,86,11,39,91,23,576
45,1,15,10,1,9,23,1,1,33,7,37,46,5,52,4,18,23,3,54
46,1,0,2,0,3,14,2,1,0,2,1,12,0,1,4,5,4,2,27
47,1,15,3,1,1,5,1,2,0,1,1,9,0,1,1,0,0,0,16
48,3,10,15,1,5,0,5,0,31,12,60,187,1,42,9,16,13,6,15
49,22,44,38,0,13,19,2,3,120,23,76,243,1,50,18,35,45,21,131
50,17,8,8,14,6,6,1,1,14,8,24,180,2,14,2,17,14,1,52
51,2,4,1,4,0,13,1,0,0,3,8,3,1,2,0,6,1,0,20
52,8,15,3,0,3,13,0,1,2,5,27,0,2,20,2,1,2,4,32
53,4,15,2,1,5,16,1,1,0,1,21,4,2,21,0,1,0,5,18
54,0,20,2,0,3,6,1,0,14,3,26,2,1,29,1,0,7,8,35
55,0,3,0,1,1,0,0,0,2,1,2,1,0,6,0,0,0,1,4
56,7,20,7,1,2,5,9,0,20,2,27,3,1,22,8,7,6,5,10
57,13,9,4,0,2,5,1,1,2,5,11,5,0,6,1,0,4,2,13
58,0,6,1,0,2,0,1,0,4,1,7,9,0,5,1,1,0,0,6
59,4,3,1,2,0,0,0,0,0,1,2,1,0,0,1,0,0,1,8
60,2,10,1,0,1,0,70,2,2,0,6,0,0,11,0,0,0,0,5
61,10,32,0,0,2,0,112,1,2,5,14,23,0,36,4,7,5,2,6
62,9,25,9,0,6,19,1,0,8,10,36,107,7,36,1,8,10,2,27
63,24,23,34,1,2,7,21,6,4,7,32,79,4,21,7,9,8,2,23
64,31,23,55,0,7,2,20,3,7,7,34,129,1,28,10,25,10,10,50
65,44,43,65,0,3,4,2,6,39,9,96,188,3,56,8,54,68,10,379
66,28,61,42,1,11,10,1,8,85,26,261,148,9,118,18,46,21,6,271
67,28,41,59,0,6,9,3,4,56,15,101,112,7,47,20,21,29,5,139
68,14,27,31,1,4,0,0,3,11,6,44,160,4,36,5,18,13,8,165
69,9,35,11,8,8,11,0,0,21,12,34,110,6,58,3,17,11,19,114
70,11,21,8,39,7,3,6,4,24,4,50,127,3,22,17,21,24,2,78
71,10,25,17,0,5,0,6,8,20,19,106,167,3,40,14,18,30,5,79
72,28,89,53,0,4,6,3,4,162,39,145,246,7,237,11,44,79,15,371
73,19,50,27,4,7,11,1,4,87,38,114,146,9,85,10,36,43,18,435
74,8,13,11,0,7,6,1,1,0,3,16,68,4,18,3,13,23,2,69
75,2,2,1,0,4,0,2,0,0,1,4,3,0,2,2,0,0,1,2
76,17,39,22,0,9,11,0,0,51,12,71,328,4,47,9,23,34,11,52
77,26,77,49,0,13,19,1,7,104,46,189,214,19,177,18,43,58,18,154
78,3,54,22,1,5,8,3,0,63,16,136,146,11,52,4,24,22,8,168
79,4,2,0,0,3,0,2,0,0,1,3,50,0,0,3,8,1,0,5
80,7,15,6,0,0,4,0,31,15,4,37,18,0,25,1,0,0,2,78
81,4,3,3,1,1,4,1,6,1,1,7,2,1,5,2,1,0,0,21
82,2,4,3,1,2,0,1,0,2,1,4,0,0,14,1,1,0,2,5
83,0,2,0,0,0,0,0,0,0,0,1,4,0,0,0,0,0,1,3
84,2,3,3,1,0,0,19,0,2,1,3,0,0,2,0,1,0,0,4
85,1,6,0,0,0,0,0,0,0,2,1,8,0,0,1,0,2,1,6
86,2,0,0,0,0,0,0,0,0,2,2,0,0,1,0,2,0,0,2
87,2,3,1,0,2,5,4,0,0,2,3,1,0,0,1,5,1,0,17
88,0,4,0,0,1,0,11,0,0,0,0,0,0,0,0,1,0,0,2
89,1,5,2,0,2,0,15,0,0,0,8,4,0,8,0,1,0,0,6
90,10,5,5,1,0,0,2,2,0,1,1,33,0,0,3,5,2,1,12
91,23,40,33,1,6,3,6,6,14,23,102,92,5,72,30,34,63,3,450
92,49,72,104,0,8,1,2,8,17,18,109,211,4,129,18,40,129,8,957
93,24,32,52,0,5,1,2,11,7,4,28,164,5,23,3,16,26,9,131
94,32,44,39,11,8,15,1,3,44,26,147,155,18,82,14,27,51,14,910
95,24,21,74,0,5,10,3,6,9,5,30,88,3,23,13,15,19,2,176
96,27,17,38,0,4,7,2,4,12,4,19,149,1,18,15,26,27,5,236
97,13,26,9,0,5,9,1,0,21,11,21,66,6,24,3,18,15,5,110
98,12,39,11,1,8,13,68,4,43,11,48,112,6,47,7,25,19,8,108
99,8,17,8,1,4,4,3,2,8,4,14,4,1,8,24,16,17,2,193
100,62,21,17,1,3,3,2,15,39,20,77,117,9,32,8,32,51,10,372
101,34,62,44,1,12,20,0,10,76,14,68,149,3,179,10,40,50,8,221
102,14,40,22,0,6,3,2,13,52,16,69,93,8,201,7,24,35,13,152
103,3,1,0,0,1,6,1,0,0,0,0,2,0,2,2,4,2,0,6
104,10,21,16,0,5,25,0,4,12,3,31,353,0,29,2,13,23,7,188
105,23,47,28,0,10,4,1,4,44,14,79,516,8,69,1,19,29,10,107
106,10,36,40,1,11,5,1,1,77,21,149,88,13,167,18,23,46,11,291
107,37,49,25,45,6,7,115,207,24,13,160,40,11,176,6,39,23,4,369
108,7,14,6,2,3,14,6,4,2,3,27,22,1,13,1,6,3,1,68
109,2,4,2,0,0,4,0,5,0,0,1,0,0,3,0,0,0,0,23
110,0,1,0,0,0,0,0,0,0,0,1,1,0,0,0,0,0,1,1
111,0,0,0,1,0,0,0,0,0,0,0,0,0,0,0,0,0,0,0
112,0,9,1,0,0,1,0,0,2,1,3,199,1,4,0,1,3,1,12
113,0,4,0,1,0,0,1,0,0,2,1,5,0,0,0,1,0,0,19
114,3,6,1,0,1,2,0,0,1,6,8,10,0,2,3,3,4,0,13
115,8,2,3,0,2,13,1,0,0,3,12,84,0,8,2,7,12,4,100
116,1,13,4,0,1,5,0,0,20,1,15,91,0,20,0,0,2,2,7
117,2,3,0,0,5,5,3,0,0,1,2,6,0,3,2,0,0,0,9
118,0,7,5,0,5,3,1,0,4,1,27,3,0,70,1,6,6,1,7
119,52,68,31,0,7,9,3,4,69,15,106,110,21,77,7,47,77,21,1107
120,39,103,60,1,6,15,4,13,75,21,219,171,29,279,8,63,120,18,1335
121,42,38,38,0,6,16,2,6,28,18,74,298,4,34,17,30,52,16,494
122,30,43,34,14,10,16,2,3,52,11,139,156,24,75,4,40,35,18,566
123,50,40,93,1,6,2,4,8,42,16,129,103,7,59,28,31,48,5,385
124,34,63,21,0,6,9,9,4,78,16,113,165,26,201,7,30,35,26,239
125,25,66,22,1,5,14,2,4,60,33,158,154,10,100,15,43,45,11,324
126,25,31,17,0,7,15,51,3,21,16,91,93,12,64,9,30,39,10,212
127,9,14,5,1,7,0,16,0,2,3,18,48,2,19,1,6,0,5,35
128,23,29,13,0,6,11,11,2,15,8,37,130,4,32,4,32,28,17,160
129,23,38,38,1,8,2,2,8,32,14,109,128,9,52,7,22,37,14,210
130,14,19,5,0,6,3,2,1,15,5,57,114,6,37,12,7,7,6,39
131,4,11,3,0,2,3,1,0,5,0,2,27,0,3,1,6,6,0,10
132,3,10,5,0,3,20,2,0,2,0,11,17,0,14,8,11,1,1,16
133,17,14,18,2,4,35,0,1,11,5,38,251,3,25,5,6,6,8,50
134,9,29,10,0,6,6,2,2,54,14,124,149,2,96,16,15,28,16,135
135,10,28,12,32,7,10,3,5,5,4,95,65,7,57,3,47,29,10,299
136,12,13,3,4,1,3,2,0,6,3,12,24,0,10,2,3,2,0,79
137,7,35,1,0,3,16,0,0,18,6,16,24,3,33,2,2,4,4,28
138,3,17,2,0,1,18,1,1,4,3,6,0,0,17,0,1,0,4,23
139,0,16,2,0,2,30,0,0,2,3,16,0,0,27,0,1,1,2,20
140,0,4,5,1,2,10,0,0,0,1,3,2,0,7,0,3,0,1,10
141,1,2,5,0,3,0,0,0,0,2,3,2,0,3,0,1,2,1,5
142,0,10,4,0,2,0,1,0,6,1,11,76,3,14,0,3,8,2,10
143,0,12,3,0,3,35,0,0,5,5,13,44,1,12,0,2,6,0,27
144,0,2,0,0,1,6,0,0,2,1,7,10,0,13,0,0,0,1,7
145,10,14,13,0,5,20,2,0,10,6,24,85,5,27,3,12,19,4,35
146,16,17,13,0,5,5,4,3,35,16,75,62,2,75,7,20,34,6,20
147,72,48,60,2,7,8,1,3,98,33,140,321,24,65,13,47,61,22,538
148,24,52,52,0,3,7,11,3,38,7,93,203,14,97,17,20,27,12,71
149,70,83,41,2,7,8,4,17,152,26,157,40,5,586,5,33,72,20,523
150,9,37,37,0,5,5,10,2,40,18,129,38,3,213,9,39,48,15,328
151,35,40,41,0,7,8,2,6,33,6,47,128,6,66,39,17,18,10,131
152,32,26,18,1,3,4,4,6,31,21,66,146,9,68,4,18,14,10,185
153,44,56,18,0,6,9,3,5,37,18,75,162,8,99,10,30,55,16,330
154,60,49,16,4,7,10,2,11,47,19,94,134,9,87,8,41,63,15,356
155,39,61,37,1,5,20,2,15,67,28,88,176,10,106,7,34,52,17,224
156,47,58,37,1,5,12,2,9,61,18,120,193,12,83,13,39,75,13,652
157,57,51,55,0,8,6,2,14,28,7,75,169,3,106,5,23,32,8,229
158,27,38,25,1,11,4,2,6,38,13,125,105,5,262,14,26,37,9,118
159,35,51,24,0,7,5,3,4,83,13,114,170,5,84,8,17,41,12,72
160,7,17,9,0,5,8,1,2,26,8,30,68,0,23,3,13,5,2,33
161,5,12,2,0,3,9,1,0,0,1,6,1,0,5,0,2,0,1,13
162,8,29,3,0,5,0,2,1,37,12,45,132,4,43,14,24,18,10,34
163,28,63,22,25,6,13,2,5,33,10,142,54,10,115,3,21,25,18,158
164,4,32,6,1,4,16,2,1,22,10,39,37,2,21,3,12,11,6,19
165,0,14,0,0,0,0,0,1,0,0,3,0,0,1,3,1,0,0,21
166,3,9,0,0,1,0,0,0,5,0,5,9,0,6,0,0,0,1,11
167,1,12,4,0,6,25,0,0,9,9,13,92,0,15,0,2,1,1,13
168,1,8,1,1,0,0,0,0,0,1,6,3,0,9,0,5,4,2,21
169,0,5,2,1,0,0,0,0,0,1,3,82,0,3,1,2,0,1,12
170,0,4,1,0,2,9,0,0,4,1,15,73,0,4,0,1,2,2,4
171,1,3,1,0,0,31,0,0,0,1,3,0,1,2,0,1,0,0,9
172,3,11,6,0,1,50,0,0,2,2,18,24,0,15,2,3,4,4,33
173,16,30,33,1,6,18,0,4,55,20,62,102,2,35,11,39,54,14,229
174,8,37,51,3,7,7,5,8,87,25,164,108,1,460,27,36,75,10,292
175,42,57,37,0,11,0,1,5,90,37,99,231,10,80,22,54,95,13,317
176,36,36,42,0,4,9,1,4,27,12,73,160,7,51,21,34,24,2,65
177,57,39,73,12,3,10,1,10,38,16,91,88,7,54,12,29,50,14,636
178,36,53,26,2,4,8,2,3,61,21,95,282,9,77,17,24,25,12,255
179,14,57,21,0,8,14,0,0,45,26,113,120,8,93,2,26,39,10,127
180,30,47,60,0,4,9,5,11,30,9,106,144,4,48,24,26,15,10,99
181,39,37,50,1,3,11,1,6,30,12,100,213,8,75,3,44,63,17,397
182,32,40,18,0,3,21,4,3,38,10,70,168,9,68,5,26,32,10,392
183,15,30,6,1,8,15,3,5,36,8,37,66,7,51,7,14,30,9,181
184,69,64,25,0,8,7,7,4,53,20,84,261,12,87,12,40,30,30,289
185,97,78,25,2,10,8,9,16,67,23,108,244,9,131,11,26,47,16,326
186,48,46,27,3,9,10,3,5,36,25,88,159,5,64,10,27,48,25,309
187,25,73,13,0,7,15,3,18,55,22,117,170,19,124,8,43,78,12,612
188,21,62,13,2,5,7,1,4,83,12,136,59,8,97,13,38,88,7,155
189,35,36,3,0,3,13,1,5,23,7,90,23,3,38,9,31,45,7,348
190,6,11,8,0,3,12,1,0,1,2,5,16,0,7,3,6,2,1,26
191,17,60,12,0,8,20,0,1,63,18,110,202,1,126,6,15,29,9,51
192,5,24,6,1,3,14,0,2,15,9,21,88,1,19,4,7,3,6,48
193,2,12,1,0,0,0,1,0,0,0,0,0,0,0,1,1,0,0,2
194,1,7,3,0,2,13,0,1,5,3,10,34,0,5,1,1,2,3,16
195,1,10,12,0,4,9,0,0,15,7,11,112,0,15,4,5,11,5,17
196,0,5,6,0,3,11,0,2,2,1,18,2,0,5,1,3,2,1,28
197,9,14,6,1,2,44,0,3,12,4,40,5,0,15,2,5,9,6,58
198,5,16,4,0,2,43,2,0,15,2,39,28,1,20,2,4,1,4,34
199,11,30,4,0,2,69,0,5,15,4,52,16,3,43,2,2,5,5,79
200,23,12,6,1,2,16,0,1,18,1,19,39,0,10,1,14,15,3,50
201,9,42,9,1,4,55,4,0,27,13,73,35,1,35,6,15,37,6,140
202,13,18,9,1,8,13,4,1,21,10,37,90,1,21,2,11,25,11,273
203,21,26,26,0,5,7,3,9,17,1,31,136,2,33,3,19,15,4,215
204,34,44,40,0,4,1,5,10,54,20,147,156,6,92,13,21,27,7,67
205,41,31,57,0,4,1,0,15,34,20,77,149,3,56,8,40,75,13,468
206,33,46,42,0,7,9,14,3,29,13,86,256,10,45,10,31,41,11,207
207,29,64,45,0,5,10,1,2,67,17,77,282,8,103,14,30,57,12,245
208,38,41,19,0,6,5,0,3,67,36,88,242,12,54,10,44,49,17,215
209,18,58,21,0,16,7,6,2,31,10,91,118,3,231,3,28,54,10,185
210,52,55,27,1,5,8,5,9,38,16,62,154,6,52,6,28,22,8,106
211,40,86,14,0,5,14,4,9,39,15,80,167,5,70,4,30,31,11,179
212,45,88,17,1,7,8,55,4,33,8,121,129,5,81,20,26,20,12,182
213,93,75,19,1,12,22,56,15,31,11,67,183,2,49,18,32,53,13,423
214,33,43,18,0,9,9,4,9,25,13,41,160,7,51,5,15,18,7,312
215,37,49,19,0,8,13,1,6,39,25,90,233,8,49,4,17,39,17,319
216,31,55,12,2,6,16,2,9,85,24,147,116,14,329,15,30,76,8,523
217,60,27,18,0,3,5,0,11,46,24,132,55,7,110,24,38,54,13,361
218,5,16,10,0,2,10,10,0,15,3,30,11,0,43,2,7,14,1,95
219,6,15,0,0,2,0,1,0,2,3,3,19,1,7,1,7,1,2,21
220,9,3,2,1,3,17,0,0,0,0,8,1,1,5,2,2,0,0,15
221,5,24,2,0,4,41,2,1,8,4,20,49,0,12,0,7,3,3,40
222,2,6,2,1,0,11,0,1,0,0,1,3,1,0,4,2,2,0,25
223,0,6,1,0,3,4,0,0,3,0,0,0,0,8,0,2,0,0,11
224,0,2,1,0,0,5,0,0,0,1,1,40,1,3,1,1,0,0,8
225,2,5,2,0,1,15,1,0,0,0,6,18,0,4,1,1,1,1,25
226,5,3,1,0,1,6,2,0,1,1,0,1,0,0,2,2,0,0,14
227,2,1,5,0,0,6,1,0,0,2,4,2,0,0,2,2,2,0,13
228,6,20,5,0,0,20,1,1,8,0,20,19,1,108,7,9,12,2,45
229,8,24,10,0,6,23,1,2,30,13,45,89,4,48,3,18,14,9,80
230,9,24,12,1,8,11,0,3,41,13,29,118,0,17,7,20,21,5,95
231,33,39,28,0,5,8,0,10,88,23,100,140,8,67,23,33,46,13,194
232,25,36,37,4,7,10,35,16,18,8,40,89,3,41,15,27,26,5,296
233,15,27,20,0,7,5,92,3,9,12,59,58,2,51,16,30,27,7,197
234,10,41,6,0,4,10,276,6,1,9,52,91,1,59,3,10,31,2,48
235,39,59,40,1,15,5,19,11,60,12,145,254,21,164,3,48,107,16,623
236,90,55,32,1,5,13,2,8,49,11,70,185,14,49,8,46,48,17,290
237,38,104,16,0,5,9,7,4,54,16,136,53,9,252,10,16,18,17,87
238,41,49,17,0,5,5,85,7,8,6,141,35,6,40,4,6,3,5,53
239,38,128,19,0,4,8,26,6,27,21,410,43,8,199,4,8,12,10,86
240,81,118,29,0,5,4,40,6,49,28,173,71,8,155,3,28,24,18,158
241,56,149,31,0,7,0,15,4,60,13,255,138,4,150,4,31,20,11,152
242,42,58,27,0,8,21,3,5,148,21,186,276,7,187,14,52,87,18,521
243,116,32,11,0,3,10,3,5,27,22,76,383,13,34,11,30,37,8,122
244,122,11,5,0,4,6,1,5,12,3,85,87,4,76,4,12,19,0,71
245,33,37,7,1,3,5,7,15,39,30,70,227,5,41,6,23,23,10,113
246,0,58,3,0,1,0,103,1,2,7,14,0,0,24,14,3,0,0,14
247,2,36,5,0,3,5,1,0,5,0,8,19,0,11,3,12,0,2,6
248,14,31,1,0,3,0,0,0,2,3,18,12,0,28,1,7,26,2,23
249,6,19,4,0,5,31,1,0,14,3,31,33,3,77,1,5,7,4,52
250,5,28,4,0,3,24,0,0,8,1,13,30,2,15,4,5,5,2,28
251,3,29,1,0,2,34,2,0,14,3,18,6,1,51,0,2,0,5,24
252,5,18,1,1,4,18,0,0,9,3,19,60,0,15,0,2,2,5,47
253,2,31,1,2,4,4,0,0,6,3,30,12,0,57,1,2,4,3,120
254,6,14,6,0,4,5,0,1,14,7,25,62,1,15,2,4,7,7,42
255,5,30,8,1,7,3,0,0,19,19,27,96,1,30,4,10,16,6,53
256,5,37,11,1,3,7,1,0,49,16,76,85,4,68,1,10,17,14,69
257,25,24,9,0,6,18,0,6,26,14,42,106,6,44,3,29,20,13,124
258,2,28,9,0,7,4,2,0,21,7,8,137,0,14,7,13,9,5,15
259,22,40,21,1,6,5,3,3,26,9,56,132,8,30,17,26,19,5,106
260,25,41,49,0,11,32,0,9,35,17,87,171,10,69,9,27,50,11,485
261,18,57,27,0,7,10,7,4,42,18,85,210,1,43,13,44,70,8,286
262,39,60,39,0,8,0,24,9,30,22,59,296,9,83,15,30,35,15,211
263,52,59,31,0,9,12,3,12,72,18,83,266,9,74,6,39,71,19,382
264,61,53,28,1,5,12,9,7,40,25,76,122,7,52,13,41,52,15,246
265,43,63,22,0,13,8,5,4,43,30,144,70,11,129,12,19,25,9,82
266,17,31,10,0,8,8,63,3,7,5,77,41,3,81,12,14,11,9,61
267,59,87,21,0,6,8,27,8,6,13,157,55,3,122,0,8,6,6,39
268,81,98,21,0,8,0,13,13,32,17,103,59,8,123,4,21,20,19,90
269,57,134,20,0,7,0,3,10,64,21,137,115,9,151,6,20,40,26,171
270,59,75,29,0,5,4,7,25,99,34,169,197,7,77,25,80,158,36,977
271,35,65,18,0,4,6,1,5,120,24,260,258,12,118,54,55,62,11,323
272,75,54,31,3,9,31,0,9,175,26,392,230,6,263,13,49,84,18,466
273,71,56,23,2,6,8,2,5,66,22,128,183,10,101,14,26,51,22,255
274,38,45,8,0,4,7,12,50,39,16,57,78,3,105,14,19,27,8,226
275,8,36,6,1,7,13,0,1,22,9,33,68,1,30,3,17,17,6,124
276,21,54,12,1,7,21,1,3,61,31,71,152,6,39,10,45,31,12,136
277,6,54,22,0,3,4,2,0,74,26,111,56,7,89,19,15,29,9,89
278,10,8,5,0,0,2,0,1,0,1,0,3,0,0,1,0,3,0,16
279,2,13,3,0,1,7,1,0,2,4,13,134,0,14,1,1,0,1,28
280,0,10,4,0,0,9,0,0,10,2,14,17,0,12,1,0,0,1,7
281,1,11,0,1,2,7,0,0,0,1,0,3,0,14,0,2,2,0,46
282,0,4,4,0,8,39,1,1,1,2,5,35,0,14,0,7,4,2,29
283,27,32,16,0,6,20,1,1,19,8,37,114,2,30,5,11,9,5,54
284,13,15,7,0,4,17,0,2,10,11,47,130,5,30,6,9,3,7,35
285,11,35,7,0,9,5,2,1,18,8,56,115,1,79,6,26,15,6,85
286,20,25,11,0,5,2,2,2,27,9,50,164,23,14,9,19,18,11,231
287,40,38,21,30,7,5,4,26,29,4,77,82,10,40,5,31,34,19,219
288,16,35,21,0,7,0,11,5,17,5,55,135,5,44,3,33,42,4,94
289,45,24,19,0,6,3,3,1,40,8,27,131,5,29,10,14,10,8,138
290,37,57,17,1,8,15,2,10,25,8,68,143,8,170,4,33,58,14,254
291,69,62,24,0,11,10,2,6,67,13,148,151,15,150,10,55,70,15,498
292,31,79,10,1,6,14,13,9,33,13,98,71,3,113,4,35,84,12,224
293,49,79,15,0,10,13,10,4,35,20,121,61,13,213,7,17,8,14,169
294,22,30,9,0,7,0,57,4,17,9,59,27,0,46,5,6,2,8,107
295,21,55,9,0,6,0,236,15,8,4,59,32,2,61,7,11,5,6,53
296,73,89,29,0,10,5,10,18,28,22,128,116,12,151,17,47,22,13,185
297,54,105,28,0,6,9,7,17,76,9,137,104,9,208,20,29,26,21,184
298,48,75,24,0,5,5,1,19,96,19,194,204,8,173,12,75,102,11,766
299,80,111,23,2,9,11,26,16,143,54,271,207,13,403,28,78,159,28,986
300,52,96,42,2,8,19,0,7,86,22,223,174,20,123,19,66,104,27,874
301,60,40,24,2,4,6,6,8,51,22,73,356,5,70,5,22,29,19,253
302,47,70,21,0,8,15,2,2,45,26,93,250,4,87,3,17,31,22,156
303,12,27,12,1,5,4,15,2,9,6,29,107,4,30,4,20,18,10,99
304,18,35,17,1,4,18,2,1,47,13,71,139,6,57,13,21,13,10,83
305,5,83,36,0,9,19,1,2,183,33,146,114,3,254,9,27,56,20,192
306,9,36,4,0,6,20,1,0,11,13,26,36,2,27,11,10,5,5,39
307,3,12,6,2,1,20,0,0,4,4,14,18,1,23,3,3,0,2,32
308,16,7,4,0,1,4,3,0,5,1,1,41,1,9,7,3,8,2,22
309,1,7,0,0,2,5,0,0,0,0,0,9,0,3,0,3,0,0,13
310,13,9,6,0,2,5,0,1,6,1,8,45,0,8,0,9,0,0,23
311,13,19,8,0,4,1,7,1,28,9,40,134,2,36,3,13,25,8,44
312,12,11,4,0,6,0,0,2,18,3,44,111,4,39,1,15,19,8,37
313,18,35,10,0,9,7,2,7,48,22,74,80,9,424,11,32,65,17,95
314,30,13,10,0,5,0,0,3,9,13,60,167,9,31,9,14,20,2,64
315,37,47,37,0,7,12,7,29,100,22,78,197,5,127,4,42,32,11,130
316,16,16,5,0,6,5,22,4,11,3,28,94,7,8,2,14,9,5,34
317,12,8,13,0,4,0,14,5,4,3,10,43,0,6,3,6,8,1,23
318,84,32,17,0,5,11,4,9,31,8,37,147,6,45,7,25,29,15,91
319,71,50,21,1,7,0,4,7,34,18,81,175,6,86,6,43,49,23,251
320,52,42,14,0,18,5,6,7,84,8,99,99,4,127,12,105,205,14,334
321,58,78,10,0,8,7,3,6,111,28,420,169,17,459,23,65,77,14,218
322,7,8,3,0,5,0,4,0,0,0,8,5,0,6,0,1,2,0,5
323,33,46,5,0,1,5,135,8,6,1,28,3,1,17,2,5,6,3,24
324,61,101,24,1,8,3,15,12,72,29,367,123,19,743,16,78,76,23,267
325,88,97,21,0,7,17,9,17,62,21,203,130,20,180,25,55,62,25,257
326,83,81,12,0,1,13,8,12,33,14,114,124,12,137,7,47,83,10,608
327,89,37,10,0,4,3,22,4,74,19,199,137,5,169,12,37,22,10,109
328,39,62,26,0,9,12,2,13,189,28,343,137,10,290,25,68,238,19,688
329,34,71,22,1,7,10,2,12,114,18,115,305,8,95,15,48,92,16,1177
330,24,66,23,0,8,4,0,10,98,21,147,178,14,222,12,35,73,27,820
331,13,93,41,1,3,7,4,5,104,19,203,134,7,94,10,34,89,11,1258
332,16,59,23,0,4,18,1,4,87,18,106,171,6,196,5,20,15,16,275
333,27,41,25,1,6,3,1,2,41,8,69,127,3,79,5,16,34,9,191
334,13,36,10,3,7,13,15,5,21,15,57,96,2,76,17,26,16,9,328
335,4,17,8,0,2,11,1,2,13,8,37,44,1,155,4,8,10,4,146
336,51,53,31,1,10,13,5,5,44,19,59,136,3,85,8,30,43,16,319
337,46,57,16,0,9,13,12,4,67,23,62,84,7,104,6,32,29,7,157
338,13,39,13,0,7,5,84,2,25,6,37,74,1,58,2,26,34,6,72
339,13,35,18,0,10,4,21,0,44,6,71,101,3,58,7,14,26,11,161
340,26,42,46,0,10,0,0,7,80,20,85,131,13,89,8,20,28,20,377
341,4,28,3,0,10,0,2,1,26,7,63,36,11,45,6,18,21,13,26
342,12,22,8,0,5,8,0,6,28,9,50,51,8,56,0,14,18,11,115
343,12,53,47,0,3,13,0,4,115,12,154,46,0,435,7,36,74,10,268
344,13,21,26,0,4,0,10,6,3,1,35,107,4,35,0,22,36,8,155
345,30,72,15,0,9,0,10,3,56,9,116,252,11,89,6,35,54,5,145
346,32,39,35,0,6,7,30,8,31,18,57,173,8,63,5,23,23,19,95
347,61,62,29,1,9,12,1,9,44,13,114,177,4,303,10,37,55,13,189
348,58,57,24,1,9,22,4,12,30,13,110,54,5,289,10,65,120,4,286
349,44,65,13,0,8,6,5,11,53,13,152,121,4,421,5,53,72,10,135
350,43,55,14,0,6,7,3,8,16,5,68,77,6,32,1,21,8,3,49
351,20,19,5,0,6,0,23,7,0,2,20,13,2,18,2,12,3,2,10
352,60,30,11,0,7,7,16,4,47,20,171,84,8,107,20,30,81,9,270
353,23,81,11,0,19,12,6,9,21,11,137,16,18,90,29,39,86,8,226
354,53,58,16,0,7,13,9,9,58,23,116,25,20,110,19,48,75,7,611
355,33,73,17,1,4,7,1,14,113,28,229,276,63,240,13,64,153,18,837
356,34,113,89,2,6,7,5,20,224,16,323,68,4,348,26,46,276,14,1725
357,28,60,14,20,5,7,8,8,69,23,133,133,6,175,13,36,83,16,792
358,25,50,12,0,9,5,2,7,70,6,160,50,7,179,5,19,76,6,567
359,7,39,4,1,8,8,2,0,19,10,68,22,5,45,1,8,23,13,93
360,4,25,15,3,6,9,6,4,34,14,49,56,4,32,1,7,11,8,133
361,3,21,9,0,4,2,1,1,9,0,33,11,4,24,2,10,3,4,103
362,6,38,7,2,3,16,9,3,4,4,19,7,3,109,1,4,2,6,109
363,10,11,1,0,1,10,2,0,0,0,1,11,3,80,0,0,0,2,64
364,17,26,13,0,9,8,1,0,18,13,41,80,1,17,0,11,13,6,38
365,10,27,18,0,15,14,0,0,24,10,34,132,1,37,3,9,20,8,35
366,3,17,14,0,3,18,0,0,34,9,17,35,4,27,3,11,9,5,29
367,6,22,14,0,7,26,2,0,23,11,38,111,5,51,2,9,3,9,39
368,14,38,10,0,9,9,0,2,44,11,55,148,4,98,6,16,12,7,90
369,5,22,7,0,8,17,0,0,20,2,34,44,2,19,2,7,6,5,49
370,14,12,5,0,6,2,0,1,9,3,20,32,0,14,0,6,9,4,35
371,11,10,4,0,3,10,1,2,12,4,28,54,2,19,8,15,3,4,73
372,12,29,9,1,3,8,5,1,9,6,41,68,14,25,5,24,28,9,76
373,41,77,29,0,14,14,4,5,62,36,183,132,34,93,4,63,50,13,226
374,19,42,14,0,5,18,13,13,52,22,81,141,17,63,7,38,41,8,184
375,39,67,28,0,6,23,3,6,35,17,97,172,9,83,6,24,21,8,167
376,56,75,28,0,10,11,11,5,41,11,75,174,11,78,5,26,44,22,173
377,36,116,24,0,7,8,6,9,59,18,146,77,6,276,5,45,69,24,323
378,76,128,22,0,5,2,13,20,33,11,89,65,18,204,4,15,25,5,118
379,45,125,5,0,10,0,29,7,31,21,236,14,30,165,2,15,20,11,78
380,41,98,28,0,7,10,7,4,55,14,77,168,68,77,3,53,39,19,173
381,62,111,49,1,11,1,9,12,259,37,248,226,47,413,22,72,77,33,462
382,75,80,35,0,9,23,6,10,113,56,107,182,14,119,14,59,78,25,254
383,39,45,12,0,5,10,3,1,43,16,34,111,11,41,11,46,39,12,323
384,23,126,55,1,10,5,2,8,219,51,237,123,11,273,18,53,144,14,530
385,20,95,24,0,8,6,3,15,146,33,148,105,42,110,8,42,40,10,339
386,18,73,22,1,8,23,1,4,99,35,91,90,15,95,9,30,53,13,370
387,14,59,13,1,7,27,1,2,22,16,108,38,17,77,6,28,29,5,473
388,6,72,30,0,5,16,2,3,68,23,78,108,5,77,8,26,26,7,305
389,6,18,1,0,3,9,0,1,3,0,6,22,1,16,2,7,3,0,54
390,8,8,0,0,2,13,0,0,3,1,3,1,1,8,0,1,0,2,31
391,11,20,14,0,1,12,5,10,0,8,39,0,2,27,3,3,5,4,65
392,0,8,1,0,0,2,0,0,2,2,1,3,0,7,1,1,2,0,21
393,2,14,3,0,2,4,1,0,17,9,29,47,3,45,4,11,6,4,41
394,3,4,0,0,2,15,0,0,0,2,3,17,1,10,2,4,1,1,30
395,2,28,12,0,2,5,0,1,34,22,65,60,5,63,10,18,19,11,97
396,4,23,7,0,4,33,1,1,46,22,54,65,8,168,5,12,35,8,269
397,7,24,9,0,12,4,1,1,26,8,27,44,11,48,2,17,28,19,51
398,11,13,4,0,5,8,1,1,6,17,32,37,6,14,2,12,9,5,56
399,13,42,15,0,10,9,0,2,55,15,54,181,9,45,10,33,20,4,129
400,34,47,8,0,12,10,1,2,41,12,93,107,11,62,1,22,20,11,89
401,37,93,30,0,7,5,4,8,52,23,98,156,13,211,10,37,66,14,453
402,21,66,23,0,12,9,0,3,59,21,92,169,7,114,11,24,42,12,227
403,65,53,14,0,8,2,2,11,44,21,75,129,11,43,36,38,64,9,302
404,73,83,21,0,11,7,20,4,68,23,135,158,14,115,13,35,36,14,200
405,28,79,12,0,9,0,15,7,28,10,44,42,5,38,7,23,45,13,110
406,57,105,16,0,10,10,5,14,52,32,112,108,15,119,8,24,39,23,112
407,20,73,11,0,14,8,7,6,46,22,105,58,10,107,8,24,29,21,70
408,8,32,10,0,3,0,29,3,19,8,20,64,5,23,4,8,4,10,32
409,69,65,27,0,6,14,6,4,12,8,74,70,8,138,9,19,20,12,146
410,81,42,23,2,5,4,3,7,37,27,91,195,11,61,19,29,25,7,301
411,23,29,29,0,5,4,2,1,15,10,44,156,12,63,5,20,22,17,142
412,24,79,28,1,6,9,0,4,81,20,112,358,26,115,15,27,60,25,471
413,21,51,17,1,7,6,0,1,61,21,59,190,22,58,8,41,41,12,366
414,23,76,16,2,5,7,0,1,81,23,70,69,7,94,12,24,33,16,482
415,1,8,4,0,3,2,0,0,6,1,19,2,0,96,2,9,5,1,60
416,0,11,0,0,1,0,0,0,0,0,2,6,0,3,3,0,0,0,19
417,2,17,3,0,0,0,0,0,0,1,1,75,1,7,0,3,0,2,25
418,8,29,3,0,3,15,0,0,14,7,19,60,2,17,1,0,8,4,50
419,8,9,0,2,2,5,0,0,0,2,3,17,2,9,3,1,7,0,27
420,1,14,0,1,1,10,2,0,2,0,5,1,0,4,1,1,1,0,50
421,1,9,2,0,3,10,0,0,6,2,11,12,2,20,1,1,4,2,38
422,4,4,1,1,3,8,1,0,1,1,9,11,0,5,0,7,2,2,25
423,5,16,3,1,2,7,1,0,10,3,15,29,0,14,1,8,18,1,26
424,3,27,3,0,4,18,0,0,29,18,36,70,2,26,4,9,14,4,29
425,4,32,1,0,5,12,2,3,13,8,26,15,3,141,1,18,8,2,81
426,8,37,5,2,6,30,1,2,15,17,37,13,7,161,1,12,10,4,108
427,9,19,3,0,7,10,0,0,8,4,9,23,2,21,1,5,2,4,30
428,27,54,14,0,5,13,0,1,76,16,69,97,11,88,7,29,54,11,130
429,12,32,17,2,7,15,5,2,20,11,115,87,3,314,7,37,33,6,258
430,33,38,10,0,4,11,0,6,23,11,15,132,5,24,1,10,15,7,78
431,35,69,26,0,5,10,6,3,43,27,87,244,11,86,6,27,31,8,283
432,44,51,24,0,9,7,4,4,42,13,65,221,10,70,3,15,22,16,134
433,39,56,23,3,5,8,7,10,35,14,60,203,4,58,9,20,24,14,183
434,32,48,14,0,6,14,50,2,20,14,49,172,4,49,3,27,49,7,161
435,38,29,25,0,6,0,6,4,10,4,23,132,5,42,20,12,10,18,40
436,8,21,10,0,2,0,48,1,2,3,15,55,3,20,0,2,2,11,14
437,47,19,14,0,3,0,5,2,10,4,36,108,10,49,30,15,12,5,159
438,24,30,4,0,5,1,14,1,9,8,24,51,5,15,8,16,15,1,95
439,15,27,12,2,7,11,16,6,35,13,59,367,6,64,9,23,17,16,37
440,35,45,27,0,8,8,0,6,45,29,95,434,9,367,6,41,39,23,316
441,38,46,17,1,5,4,1,5,61,26,101,772,7,73,8,26,17,13,77
442,21,19,56,1,7,9,0,7,7,4,44,150,1,134,18,11,18,4,23
443,9,24,15,0,5,16,2,0,29,15,21,54,3,130,5,17,25,9,36
444,2,14,3,0,3,27,0,2,6,5,20,12,4,16,2,3,6,7,34
445,0,7,0,0,1,1,0,0,0,0,1,0,0,1,2,1,0,0,13
446,23,14,5,0,2,0,1,3,2,2,12,1,1,13,3,4,1,4,23
447,5,17,2,0,0,4,2,0,0,1,13,72,2,10,2,0,0,1,27
448,0,1,0,0,0,0,1,0,0,0,0,0,0,0,0,0,0,0,9
449,4,6,0,0,2,28,0,0,0,3,1,9,0,0,0,0,1,0,44
450,4,17,6,0,5,8,1,0,26,2,8,44,1,13,1,6,6,5,38
451,0,10,0,0,9,5,2,0,3,0,4,58,0,7,0,4,2,2,13
452,18,19,6,0,4,10,0,1,18,5,24,39,1,16,2,11,13,1,39
453,25,38,8,2,5,17,4,3,26,28,72,73,7,77,24,29,30,9,307
454,38,32,19,0,8,5,3,3,18,18,75,82,11,92,4,24,32,5,89
455,6,16,7,0,5,14,3,4,10,1,17,24,7,28,3,11,17,2,214
456,3,14,0,0,8,19,0,0,0,4,11,5,1,135,1,9,1,3,38
457,16,17,5,0,4,18,0,0,15,3,10,28,2,9,1,13,13,0,73
458,6,23,5,0,3,6,1,3,15,4,21,55,0,17,3,12,15,3,42
459,44,30,20,0,7,18,34,7,12,9,19,54,3,27,8,21,20,7,265
460,46,62,12,1,4,8,28,6,37,23,86,181,8,84,4,31,24,15,192
461,35,53,8,0,8,20,16,2,46,21,95,96,11,92,6,28,45,13,100
462,18,33,0,1,8,14,3,0,11,11,54,69,11,39,1,19,19,6,79
463,54,38,9,0,8,8,4,4,15,12,36,88,10,122,3,19,8,8,175
464,20,72,17,0,5,20,6,3,40,12,54,130,6,102,6,10,12,11,127
465,13,53,26,0,9,7,2,4,70,14,85,143,9,56,9,21,33,7,69
466,43,61,22,0,12,15,1,3,81,23,80,90,2,89,9,31,51,9,269
467,16,39,6,0,2,9,0,1,43,19,53,104,12,68,4,25,15,12,111
468,38,49,24,0,14,14,0,14,25,22,84,170,21,175,19,77,47,9,361
469,14,42,21,0,6,3,2,1,84,28,71,343,5,47,12,26,35,11,69
470,27,21,32,0,9,4,4,2,26,15,25,141,1,30,5,21,10,5,36
471,2,38,2,0,5,2,90,0,1,10,17,9,0,74,5,6,5,1,13
472,28,37,17,1,8,25,6,3,41,9,38,96,3,46,3,19,11,7,62
473,8,28,7,1,4,4,2,5,18,10,45,23,2,61,5,6,13,6,52
474,15,14,2,1,3,19,1,5,0,2,14,4,3,24,1,7,8,7,89
475,5,19,3,0,2,168,0,0,2,2,13,1,0,15,0,8,3,1,217
476,3,0,1,0,0,10,0,0,0,0,0,0,0,1,0,0,0,0,14
477,6,2,1,0,3,23,0,0,0,0,0,15,0,1,0,1,5,0,33
478,5,16,3,2,7,34,0,0,2,1,13,7,0,16,0,4,2,2,51
479,6,21,2,1,3,11,0,1,15,9,32,61,1,39,1,6,6,6,59
480,7,10,2,1,2,8,0,0,14,1,22,33,1,13,2,8,6,3,42
481,10,10,5,0,2,10,0,1,20,8,27,110,3,26,1,3,10,5,40
482,39,30,18,1,9,9,2,3,34,8,57,96,12,42,3,14,15,16,98
483,13,14,6,0,4,4,1,2,18,9,38,90,6,26,10,11,14,3,64
484,6,20,5,0,5,110,2,0,5,18,30,23,4,15,5,10,11,2,235
485,5,10,0,0,2,6,3,0,0,1,2,4,1,1,1,2,0,2,11
486,9,12,3,0,3,8,1,0,2,0,3,65,0,6,0,5,7,0,37
487,9,30,0,0,1,9,0,0,4,2,4,27,0,5,1,5,5,1,38
488,10,27,7,1,3,4,2,0,10,8,23,81,5,22,4,20,8,4,61
489,29,20,10,0,3,12,2,1,17,5,21,100,2,28,4,8,11,7,46
490,22,72,21,0,6,6,2,5,70,16,84,210,13,85,8,23,24,13,205
491,8,74,8,0,4,7,0,0,50,14,135,131,5,156,9,24,54,10,130
492,38,70,21,0,7,5,0,3,50,29,92,219,25,87,4,25,36,13,203
493,55,65,25,3,9,25,0,6,45,19,85,173,8,83,7,32,26,9,424
494,29,66,32,1,6,13,0,5,81,36,98,158,14,67,13,40,58,16,427
495,8,61,20,0,6,11,2,4,33,9,40,87,4,95,5,29,38,9,211
496,19,25,5,0,1,37,2,6,8,13,70,69,14,86,3,13,2,9,66
497,0,25,1,0,4,6,0,1,2,1,26,27,7,232,1,18,13,7,146
498,10,9,4,1,4,7,1,2,5,0,17,22,2,90,4,7,15,2,54
499,9,37,2,0,0,25,3,2,14,8,30,7,7,79,5,9,0,5,121
500,13,38,13,0,6,0,2,2,25,9,47,144,4,31,2,19,13,14,28
501,11,36,5,1,2,9,1,0,24,13,45,37,6,53,1,0,0,7,55
502,2,4,3,0,3,0,0,0,2,3,9,1,1,10,1,1,0,0,15
503,4,26,2,0,3,111,0,2,6,4,21,12,0,18,0,4,2,3,132
504,3,9,1,0,0,5,8,1,2,0,1,0,0,14,0,3,0,0,11
505,5,31,3,0,2,12,9,1,20,10,38,63,2,51,1,5,11,5,36
506,3,11,0,1,1,6,0,1,0,1,3,2,1,7,0,4,0,0,32
507,3,21,9,0,4,15,0,0,0,0,7,33,1,8,0,2,2,1,38
508,7,11,4,0,2,16,0,0,12,3,19,36,1,11,1,9,4,2,24
509,27,29,25,99,3,0,0,0,17,4,48,98,2,37,2,7,13,9,235
510,20,30,10,0,7,17,1,1,27,11,28,102,2,49,6,11,12,5,52
511,4,18,5,1,2,3,0,0,19,9,14,56,3,16,3,6,10,2,44
512,11,53,22,0,7,88,1,0,43,21,66,168,8,61,9,16,39,10,85
513,4,27,2,0,5,23,0,1,26,11,38,72,9,29,1,9,13,12,84
514,12,21,4,0,1,14,2,1,2,6,19,59,7,102,10,15,8,1,121
515,11,4,2,1,3,18,1,0,0,1,7,5,7,13,2,5,6,0,36
516,18,38,22,1,6,28,6,0,39,15,93,97,4,102,6,11,22,6,138
517,15,53,15,2,8,7,0,2,64,20,90,142,9,78,4,14,27,11,211
518,21,32,18,1,4,6,2,2,40,28,59,164,9,44,7,25,23,11,261
519,5,66,8,0,5,7,1,3,46,10,78,177,5,436,2,24,50,8,172
520,40,58,14,0,5,8,0,0,43,12,39,383,5,58,14,25,18,14,82
521,23,46,13,0,5,8,1,2,39,18,76,200,1,64,5,17,14,11,113
522,23,62,20,2,8,18,0,0,54,35,109,109,24,103,9,37,29,12,282
523,12,22,4,1,3,15,0,1,19,10,38,115,5,34,17,19,6,14,77
524,7,14,1,0,2,12,0,0,2,3,12,57,16,8,8,4,2,1,49
525,3,28,4,0,2,10,1,0,8,5,14,12,4,79,1,2,2,4,86
526,31,18,9,1,4,97,0,0,3,8,26,3,4,38,0,5,2,2,83
527,6,49,4,1,0,20,0,0,2,5,21,3,0,26,1,3,0,5,124
528,3,24,1,0,0,17,1,0,0,2,10,54,4,13,1,2,2,1,24
529,2,29,5,0,0,10,0,1,7,5,21,14,11,34,1,1,0,2,49
530,1,24,6,0,3,14,3,0,23,10,50,4,8,43,3,2,1,6,45
531,1,7,0,2,1,13,0,1,0,0,4,0,0,16,0,0,1,0,59
532,2,2,0,0,0,0,0,0,0,0,0,0,0,0,0,0,0,0,4
533,7,12,0,0,2,14,2,0,5,2,2,13,0,7,0,3,0,2,53
534,10,9,8,0,5,3,0,0,6,4,5,34,2,5,2,2,6,2,27
535,6,29,5,0,4,1,1,1,12,3,8,37,0,9,1,0,4,1,37
536,7,18,2,2,0,22,0,0,2,0,8,1,1,12,0,1,0,0,31
537,6,28,5,1,0,4,0,1,13,8,41,85,2,33,2,6,6,6,23
538,28,78,9,9,7,14,3,2,59,23,109,177,4,70,7,18,23,18,190
539,20,27,12,1,5,5,2,0,20,11,39,110,4,24,3,7,2,5,62
540,7,19,11,0,7,16,0,1,19,7,37,78,3,27,13,13,29,8,26
541,8,26,8,1,0,7,0,1,25,11,41,71,8,76,3,4,4,4,72
542,7,9,1,0,1,0,0,0,0,0,12,30,0,95,0,6,3,2,117
543,2,19,7,4,2,20,12,1,18,5,25,62,3,34,5,17,9,4,38
544,10,42,14,0,6,63,1,1,57,22,43,132,10,39,8,17,20,10,73
545,18,60,18,0,7,21,1,1,59,19,80,161,13,66,9,29,38,12,75
546,2,51,19,1,6,14,1,2,58,22,84,110,2,123,7,25,31,11,113
547,7,57,11,0,8,15,0,0,30,14,54,122,4,68,2,13,21,11,148
548,13,44,10,0,7,9,1,0,48,20,91,165,6,104,6,26,29,14,143
549,8,28,10,0,6,2,3,1,13,11,46,103,1,46,1,18,12,8,65
550,5,9,3,0,6,0,0,0,4,8,10,23,0,11,3,5,1,2,14
551,1,19,8,0,3,11,1,0,21,11,22,58,9,38,0,13,11,7,224
552,8,66,8,0,2,146,0,1,2,3,14,27,5,31,1,1,3,2,102
553,11,49,7,0,4,20,0,0,32,26,85,75,18,132,6,15,18,10,116
554,5,26,1,0,0,10,1,0,0,3,3,1,1,12,0,1,0,0,25
555,2,14,1,0,2,18,0,0,0,1,2,0,0,11,1,1,0,0,32
556,8,33,8,0,3,36,2,1,21,10,63,286,4,76,1,2,9,10,61
557,3,25,2,0,1,19,0,0,10,4,20,1,7,41,0,2,0,7,43
558,11,30,7,0,2,5,0,0,10,9,39,1,8,148,4,2,7,12,127
559,6,8,0,0,0,0,0,0,0,0,1,0,0,13,0,0,0,0,22
560,0,0,0,0,0,0,0,0,0,0,0,0,0,0,0,0,0,0,1
561,1,1,0,0,0,5,1,0,0,1,1,6,0,2,0,0,0,0,4
562,4,15,7,0,6,6,0,0,24,9,13,33,3,23,4,5,6,6,18
563,1,11,2,0,1,0,0,1,0,0,1,3,0,2,0,0,0,0,32
564,6,10,3,0,4,0,2,0,2,0,0,5,0,4,1,0,0,1,9
565,6,14,8,24,4,5,0,0,0,2,9,33,0,11,6,15,9,9,186
566,15,31,7,17,7,1,1,3,34,9,48,120,1,30,3,29,43,6,317
567,5,17,12,0,4,27,2,0,18,7,17,57,2,35,4,12,18,0,285
568,3,7,3,1,2,34,0,0,2,1,8,7,0,6,0,3,2,0,95
569,23,14,1,33,1,38,0,0,0,1,7,3,2,13,0,6,2,1,115
570,0,23,3,3,1,2,0,0,8,3,20,49,3,41,0,10,1,4,57
571,2,9,0,1,2,14,9,0,0,1,3,10,0,3,1,6,0,0,34
572,0,10,2,2,2,41,1,0,15,6,16,20,0,22,1,11,7,2,91
573,1,32,10,1,8,28,7,2,33,10,57,81,2,55,3,15,23,3,266
574,1,18,1,0,6,5,1,0,0,0,9,35,1,248,0,6,5,2,19
575,17,17,1,0,4,8,0,1,3,1,10,16,4,47,0,2,5,1,56
576,0,9,2,0,2,14,1,1,0,2,6,2,1,10,2,1,3,0,20
577,3,1,0,0,5,39,1,0,1,0,0,12,0,3,0,1,0,0,19
578,13,9,2,0,1,40,0,3,6,2,10,2,0,14,0,3,0,1,44
579,8,38,5,0,5,13,0,2,5,1,13,174,5,37,0,9,5,1,67
580,5,45,2,0,3,580,0,1,16,2,20,27,2,25,0,2,0,5,153
581,8,21,3,0,0,20,2,0,3,1,20,8,0,11,3,5,0,4,76
582,9,12,0,0,1,14,0,2,9,3,4,6,0,9,3,4,2,2,30
583,4,15,4,0,1,0,0,0,0,2,4,0,4,23,1,1,0,1,62
584,2,43,1,0,1,19,1,0,10,11,35,5,1,21,2,4,0,4,95
585,0,14,1,0,1,0,7,0,0,1,1,0,1,3,1,1,0,0,31
586,1,8,0,0,2,8,2,1,7,5,31,0,1,131,0,1,3,3,62
587,0,4,0,0,0,0,0,0,0,0,1,0,0,101,0,0,0,1,30
588,0,0,0,0,0,0,0,0,0,0,0,0,0,0,0,0,0,0,0
589,0,0,0,0,0,0,0,0,0,0,0,0,0,0,0,0,0,0,0
590,0,4,0,1,0,0,0,0,0,0,0,0,0,0,0,1,0,0,1
591,1,6,0,0,4,0,0,0,0,0,1,0,0,1,0,0,0,0,13
592,0,9,0,0,2,1,0,1,2,2,6,1,0,5,0,0,0,1,36
593,14,17,12,25,0,3,1,4,2,4,30,45,3,22,3,20,17,1,272
594,20,13,13,4,5,0,0,5,3,0,36,62,5,19,2,22,42,1,312
595,1,1,0,0,3,0,0,0,0,0,5,3,6,2,0,2,2,0,26
596,0,17,1,0,3,14,0,0,3,3,6,44,1,6,0,3,7,2,16
597,2,24,0,5,1,4,0,1,0,4,7,11,0,15,1,1,0,0,38
598,6,39,10,0,11,4,1,1,29,27,41,93,2,69,1,18,21,6,35
599,9,29,2,0,1,15,0,0,4,1,13,2,0,19,0,9,2,6,50
600,0,7,0,0,1,6,0,0,0,0,3,3,0,3,0,0,0,0,6
601,1,10,2,0,1,0,0,0,2,2,1,0,0,1,0,0,0,1,20
602,2,5,0,0,1,9,1,0,0,0,0,1,0,0,0,0,0,0,8
603,4,17,1,0,3,7,0,0,4,2,18,4,0,41,1,3,4,1,69
604,3,15,2,0,3,1,0,0,6,2,7,32,0,8,1,4,2,3,30
605,0,4,0,0,3,17,0,0,2,1,4,3,0,3,0,0,0,1,26
606,5,1,1,0,2,0,0,0,0,3,3,3,0,1,1,1,0,1,12
607,2,2,0,0,0,6,1,0,0,0,2,2,0,5,0,0,2,0,9
608,4,23,1,0,4,34,1,0,4,3,2,3,1,80,1,5,0,1,144
609,4,3,2,0,2,0,0,0,0,1,1,15,0,4,0,4,2,0,7
610,8,2,0,0,1,12,2,0,0,1,3,23,1,3,1,0,1,0,30
611,2,11,0,0,0,5,1,0,2,1,7,0,12,15,0,2,2,1,33
612,5,42,9,1,2,1,0,0,19,11,49,17,9,57,2,3,3,8,53
613,4,13,6,0,4,1,2,0,7,4,4,105,0,20,3,7,5,3,20
614,2,14,1,0,3,15,0,0,0,0,12,45,0,24,0,3,3,4,25
615,2,17,0,0,4,7,0,0,2,4,8,14,1,17,0,5,2,2,44
616,0,3,2,0,0,0,0,0,5,1,2,43,0,2,2,0,3,1,2
617,0,0,0,0,0,0,0,0,0,0,0,0,0,0,0,0,0,0,2
618,0,0,0,0,0,0,0,0,0,0,0,0,0,0,2,0,0,0,0
619,0,0,0,0,0,0,0,0,0,0,0,0,0,0,0,0,0,0,0
620,2,5,0,0,2,4,1,0,0,0,0,0,0,1,0,1,0,0,9
621,2,8,2,1,0,0,13,0,0,0,3,9,0,5,1,2,0,2,9
622,7,24,4,0,2,12,98,1,8,10,42,57,5,36,1,5,6,4,35
623,2,14,2,0,3,16,0,0,4,1,2,57,3,3,0,0,0,2,15
624,3,5,1,2,2,9,0,0,0,0,0,1,0,2,0,0,0,0,14
625,10,17,2,4,3,0,0,0,6,4,3,29,0,15,0,5,1,1,26
626,7,31,2,1,2,0,0,0,3,3,7,14,3,30,0,1,6,3,25
627,0,37,1,0,2,1,1,0,0,5,1,1,0,5,0,2,2,0,69
628,4,17,1,1,5,3,0,0,2,5,6,29,1,61,1,2,1,0,51
629,3,21,4,0,4,21,1,0,2,3,2,6,0,3,1,1,0,1,33
630,2,4,0,0,0,0,0,0,0,0,0,4,0,0,1,0,0,0,4
631,25,49,11,0,3,16,5,1,38,10,45,173,8,43,3,7,12,9,54
632,9,9,7,0,0,7,0,0,17,2,18,66,0,24,0,2,3,1,33
633,7,3,3,0,2,5,2,0,8,6,9,14,0,10,0,0,0,3,20
634,8,2,1,0,2,2,6,0,6,1,3,31,0,5,1,3,2,3,6
635,0,10,6,0,3,22,8,0,17,12,10,98,1,18,6,10,4,6,53
636,3,20,5,3,2,46,1,0,13,15,52,70,1,58,2,8,21,7,229
637,2,17,3,0,1,18,0,0,0,0,7,2,2,28,0,2,1,3,105
638,4,16,0,0,0,23,1,0,1,0,10,2,1,10,5,1,3,0,90
639,2,16,0,0,2,13,1,0,0,0,4,0,0,6,0,1,1,0,37
640,0,8,5,1,1,20,2,2,4,4,18,3,1,23,2,6,4,3,57
641,4,1,3,1,2,12,0,0,0,0,7,16,1,7,0,0,0,2,18
642,6,10,2,0,4,2,0,0,0,0,6,0,3,7,0,2,2,2,139
643,0,7,0,0,1,9,0,0,9,3,21,5,7,11,0,2,0,1,27
644,4,2,2,0,2,0,0,0,0,0,1,52,0,6,0,0,0,2,3
645,0,0,0,0,0,0,0,0,0,0,0,0,0,0,0,0,0,0,0
646,0,0,0,0,0,0,0,0,0,0,0,0,0,0,0,0,0,0,1
647,0,0,0,0,0,0,0,0,0,0,0,0,0,0,0,0,0,0,0
648,0,1,0,0,1,0,0,0,0,0,0,0,0,1,0,0,0,0,2
649,0,4,0,0,0,5,2,0,0,1,1,0,0,3,1,0,0,0,3
650,3,10,2,0,4,4,12,0,1,2,9,9,0,13,0,1,1,2,15
651,0,9,0,1,2,0,1,0,0,0,1,2,0,1,0,0,0,0,11
652,0,6,1,6,0,5,0,0,0,0,0,0,0,3,0,0,1,0,16
653,2,4,1,0,0,1,0,0,0,0,0,7,0,3,0,0,0,0,12
654,5,25,3,1,1,36,1,0,2,2,15,18,2,27,1,4,3,3,51
655,3,16,2,0,1,13,2,0,12,3,23,17,0,27,0,0,0,4,117
656,0,10,2,2,3,3,0,0,11,4,9,24,1,14,1,1,3,3,30
657,4,31,7,0,2,18,1,0,18,8,16,228,0,16,0,1,2,5,30
658,10,20,6,1,4,14,1,0,2,1,12,6,3,12,0,2,3,3,38
659,12,43,7,0,7,7,1,0,14,13,44,38,2,41,4,7,8,10,55
660,8,10,2,0,2,6,0,0,8,3,8,44,0,14,0,0,1,1,17
661,24,26,22,0,1,0,1,2,44,9,83,181,3,85,15,11,27,9,72
662,4,44,5,0,4,12,1,0,10,15,35,92,7,65,0,7,2,4,33
663,26,54,17,1,6,14,2,0,74,28,88,121,10,161,2,10,26,13,115
664,1,5,6,0,4,9,0,0,5,4,11,39,4,16,3,4,4,2,28
665,2,1,0,0,1,0,0,0,0,1,4,11,0,7,0,1,0,1,21
666,2,10,0,0,5,4,3,0,0,1,13,141,0,8,8,8,7,1,17
667,5,32,15,0,11,9,0,0,51,14,64,160,10,43,8,19,26,14,59
668,23,22,9,0,9,3,0,0,19,6,70,24,2,23,5,18,37,5,266
669,0,2,3,0,4,27,0,1,0,0,3,5,1,1,0,4,4,0,114
670,2,2,0,0,5,0,0,0,0,0,0,20,2,3,2,2,0,3,64
671,4,2,4,0,2,0,0,0,0,0,3,1,0,1,0,1,3,0,53
672,5,0,0,0,2,0,0,0,0,0,2,3,0,0,0,0,0,0,2
673,0,0,0,0,0,0,0,0,0,0,0,0,0,0,0,0,0,0,0
674,0,0,0,0,0,0,0,0,0,0,0,0,0,0,0,0,0,0,0
675,0,0,0,0,0,0,0,0,0,0,0,0,0,0,0,0,0,0,0
676,2,4,0,0,1,5,1,0,0,0,2,0,0,4,0,0,0,0,9
677,1,0,0,0,0,10,0,0,0,0,3,2,0,3,0,1,0,0,5
678,0,3,4,0,2,17,0,1,0,0,4,0,1,3,0,0,0,0,19
679,4,9,5,0,2,0,1,0,0,1,0,28,1,1,0,0,1,0,15
680,0,7,1,0,1,12,0,0,0,0,1,0,1,2,0,1,0,1,17
681,5,18,2,0,5,31,6,0,2,9,23,31,2,36,2,9,5,4,51
682,8,27,14,1,9,16,4,2,32,13,35,170,2,49,2,14,12,12,35
683,12,11,3,0,6,12,0,1,6,4,6,50,1,10,1,7,6,3,83
684,2,23,7,1,4,4,0,0,19,10,44,84,3,50,1,4,4,7,35
685,3,14,1,0,5,28,0,0,12,9,44,31,1,26,1,1,2,6,67
686,0,2,0,0,0,0,1,0,0,0,2,0,0,0,0,0,0,0,12
687,0,1,0,0,5,5,0,0,0,0,4,0,0,0,0,1,0,0,1
688,2,1,1,0,1,0,0,0,2,0,0,0,1,0,0,0,0,0,1
689,10,20,8,0,2,9,0,0,53,5,36,136,1,44,1,3,19,6,27
690,2,3,1,0,2,7,0,0,0,1,1,23,0,3,0,2,0,0,13
691,2,6,4,32,2,33,2,0,2,5,9,4,4,11,2,1,5,0,180
692,7,14,3,1,2,3,0,0,12,7,20,51,2,26,1,12,8,7,53
693,8,8,3,0,1,23,0,0,0,2,4,48,1,6,0,1,2,1,17
694,20,17,12,0,8,13,3,1,14,3,19,171,0,27,7,9,7,9,26
695,5,29,27,0,9,5,0,0,44,12,40,283,1,42,10,12,15,6,33
696,6,16,11,0,12,8,2,1,8,6,24,129,2,8,10,22,28,4,101
697,8,2,4,0,9,7,1,0,0,0,6,3,1,6,0,10,6,2,95
698,0,0,2,0,0,0,0,0,2,0,1,0,0,2,1,1,1,0,33
699,1,0,2,0,3,0,0,0,0,0,0,0,0,0,0,0,0,0,7
700,5,1,1,0,3,0,0,0,0,0,0,0,0,1,0,0,0,0,4
701,0,0,0,0,0,0,0,0,0,0,0,0,0,0,0,0,0,0,0
702,0,0,0,0,0,0,0,0,0,0,0,0,0,0,0,0,0,0,0
703,0,0,0,0,0,0,0,0,0,0,0,0,0,0,0,0,0,0,0
704,3,5,0,0,1,1,0,0,3,0,6,0,0,5,0,0,0,2,23
705,3,6,2,0,0,0,0,0,4,4,10,5,0,8,0,1,0,3,12
706,11,19,4,0,3,15,2,1,29,5,28,52,0,36,1,2,17,6,14
707,2,13,7,0,3,5,0,0,6,3,6,31,0,8,2,0,3,0,40
708,0,1,0,1,6,15,0,0,0,0,1,0,0,4,0,0,0,0,14
709,2,18,6,0,10,11,1,0,21,6,68,58,1,35,2,6,19,8,19
710,8,19,10,0,11,23,4,0,16,13,42,108,0,23,0,8,12,7,40
711,20,43,6,0,2,6,0,0,6,13,32,15,3,23,3,7,6,9,230
712,3,8,3,0,1,0,0,0,6,7,8,17,3,13,2,2,3,2,98
713,1,3,0,0,1,9,2,0,2,1,3,1,1,10,0,0,1,0,70
714,1,3,0,0,0,0,0,0,0,0,1,2,0,0,0,0,0,0,15
715,14,15,5,0,2,1,1,0,39,8,29,5,16,63,0,1,4,5,38
716,7,21,7,0,3,6,0,0,31,12,45,17,11,99,0,1,3,6,102
717,1,19,3,0,5,9,0,1,23,14,36,62,5,22,2,7,9,5,27
718,0,3,0,0,0,3,0,0,0,0,3,28,0,4,0,0,0,0,7
719,0,0,0,0,1,0,0,0,0,0,1,0,0,0,0,0,0,0,1
720,2,4,0,0,0,0,0,0,0,0,0,0,0,0,0,0,0,0,3
721,0,0,0,0,0,0,0,0,0,0,1,0,0,4,0,2,0,0,4
722,0,0,1,0,0,0,0,0,0,0,0,5,0,0,0,0,0,0,0
723,10,17,12,0,5,0,1,5,24,12,91,167,1,35,7,9,17,7,81
724,0,1,0,0,5,5,0,0,0,3,7,11,2,0,0,4,1,0,35
725,2,5,3,0,9,13,0,1,3,6,22,6,1,8,3,11,9,1,127
726,1,1,0,0,4,0,0,0,0,0,4,4,0,4,0,4,5,0,36
727,0,0,0,0,0,0,0,0,0,0,0,0,0,0,0,0,2,0,7
728,3,1,3,0,4,9,1,1,0,1,0,18,0,1,1,1,3,1,8
729,0,1,1,1,0,0,0,0,0,0,0,0,0,0,0,0,0,0,1
730,0,0,0,0,0,0,0,0,0,0,0,0,0,0,0,0,0,0,0
731,2,1,1,0,0,0,0,0,2,0,2,0,0,7,0,0,0,1,5
732,0,3,0,0,0,0,0,0,0,1,1,0,0,2,0,1,0,0,11
733,2,3,3,0,0,0,0,0,2,1,2,0,0,8,0,1,0,1,8
734,4,13,4,1,3,30,0,0,14,9,31,40,9,37,1,4,0,4,61
735,0,5,5,0,3,6,0,0,0,1,26,0,1,10,1,0,1,2,39
736,0,2,0,0,1,10,0,0,3,1,0,31,0,4,0,1,0,0,4
737,4,24,8,0,7,6,2,0,20,6,23,183,4,33,1,8,5,5,27
738,5,13,5,0,5,24,1,1,18,8,40,66,2,35,4,1,2,6,49
739,6,28,1,0,0,13,1,0,0,3,12,0,1,7,0,3,0,0,78
740,0,113,4,0,2,4,1,0,3,0,12,0,0,6,0,4,5,0,150
741,6,16,9,0,2,6,1,0,8,3,16,0,1,23,1,1,2,6,29
742,4,5,0,0,0,0,1,0,12,3,11,0,1,21,2,0,2,4,63
743,1,8,2,0,0,0,0,0,20,7,24,0,8,57,0,0,0,3,123
744,0,9,0,0,0,9,0,0,2,3,1,5,0,21,0,0,0,2,90
745,2,32,0,0,0,13,0,0,6,2,21,2,1,35,1,0,0,4,78
746,4,36,9,2,4,63,0,0,30,6,47,44,0,46,2,1,4,4,57
747,0,1,0,0,3,0,0,0,0,0,0,0,0,0,0,0,0,0,0
748,0,0,0,0,0,0,1,0,0,0,0,0,0,0,0,1,0,0,1
749,0,0,0,0,0,0,0,0,0,0,0,0,0,0,0,0,0,0,0
750,0,0,0,0,0,0,0,0,0,0,0,6,0,0,0,0,0,0,1
751,2,2,1,1,5,0,0,0,0,0,4,74,0,2,0,5,0,0,10
752,1,0,0,1,2,0,0,0,0,0,1,0,0,0,0,0,0,0,21
753,2,3,0,0,9,0,0,1,0,0,21,46,2,16,0,8,13,4,156
754,3,2,2,1,5,0,0,1,0,0,0,8,0,3,1,0,2,0,66
755,0,2,3,0,5,0,0,0,0,0,0,23,0,1,0,0,0,0,33
756,21,7,12,0,7,25,0,0,4,2,13,1,0,14,0,1,0,3,24
757,1,4,0,1,2,24,0,0,0,1,2,0,0,3,0,1,0,1,14
758,1,0,0,0,1,0,0,0,0,0,0,0,0,0,0,0,0,0,2
759,0,0,0,0,1,0,0,0,0,0,1,0,0,0,0,0,0,0,15
760,0,9,0,0,1,16,0,0,0,0,2,0,0,6,0,4,0,1,20
761,0,9,0,0,2,13,0,0,0,1,7,0,0,9,0,0,0,0,28
762,0,2,0,0,0,0,0,0,0,0,0,0,0,0,0,0,0,0,15
763,2,8,1,0,1,1,0,0,0,0,0,0,1,6,0,1,0,1,35
764,1,9,7,0,6,14,1,0,8,2,8,111,0,11,1,2,9,3,12
765,6,12,11,1,8,10,3,0,24,3,20,122,2,30,1,3,15,6,64
766,3,21,9,0,6,74,2,0,67,11,77,57,2,102,3,6,9,7,45
767,0,6,1,0,0,8,0,0,2,0,6,8,0,7,0,0,0,0,37
768,2,12,4,0,5,34,0,1,6,2,15,2,1,11,6,1,7,1,35
769,0,18,4,0,2,23,2,0,2,3,8,42,3,11,5,1,0,1,54
770,4,17,3,0,3,6,0,0,9,8,21,44,5,27,3,2,4,7,82
771,1,2,1,0,1,5,0,0,0,0,2,1,0,12,0,0,1,1,58
772,5,12,1,0,1,18,0,0,7,6,21,0,2,27,0,2,2,5,50
773,0,15,0,0,1,8,0,0,2,1,1,0,0,19,0,1,2,1,56
774,0,1,0,0,6,4,0,0,0,0,1,1,0,6,0,0,0,0,12
775,3,8,0,0,5,15,0,0,8,3,3,13,0,16,0,1,4,2,21
776,3,5,1,0,3,5,0,0,0,2,9,18,0,7,0,3,3,2,9
777,4,1,0,0,2,5,1,0,0,1,1,0,0,3,1,2,1,0,17
778,0,0,0,0,4,0,0,0,0,1,0,0,0,2,0,6,0,0,2
779,0,3,0,0,6,4,0,0,1,0,3,13,0,6,0,0,0,1,16
780,2,4,13,1,11,5,0,0,6,1,15,57,0,11,3,7,22,1,13
781,0,1,1,0,3,0,1,0,1,0,1,4,0,4,3,1,0,2,4
782,2,4,6,0,2,0,1,0,0,0,0,9,0,1,0,3,2,3,96
783,4,2,2,0,7,8,0,0,2,2,29,16,5,7,3,6,5,3,94